best testtensor(0.9359)    local intensor(42)epoch
Best val<built-in method max of Tensor object at 0x7fc8a7440048>    local intensor(50)  corresponding test acctensor(0.9329)

val acc
tensor([0.8671, 0.9004, 0.8968, 0.1317, 0.9205, 0.9276, 0.9170, 0.9276, 0.9276,
        0.9442, 0.9312, 0.9442, 0.9253, 0.9395, 0.9265, 0.9371, 0.9348, 0.9312,
        0.9253, 0.9359, 0.9336, 0.9265, 0.9288, 0.9442, 0.9466, 0.9490, 0.9490,
        0.9478, 0.9514, 0.9478, 0.9526, 0.9490, 0.9490, 0.9490, 0.9490, 0.9490,
        0.9537, 0.9514, 0.9526, 0.9526, 0.9514, 0.9514, 0.9526, 0.9502, 0.9526,
        0.9514, 0.9514, 0.9526, 0.9526, 0.9549])
test acc
tensor([0.8988, 0.9192, 0.9168, 0.2509, 0.9132, 0.8970, 0.9042, 0.8754, 0.9269,
        0.9024, 0.9192, 0.9180, 0.9078, 0.9090, 0.9150, 0.9168, 0.9102, 0.8928,
        0.8952, 0.9096, 0.8940, 0.9335, 0.9162, 0.9269, 0.9305, 0.9293, 0.9317,
        0.9323, 0.9347, 0.9335, 0.9323, 0.9329, 0.9311, 0.9353, 0.9317, 0.9317,
        0.9347, 0.9299, 0.9335, 0.9335, 0.9317, 0.9359, 0.9335, 0.9335, 0.9341,
        0.9311, 0.9311, 0.9317, 0.9341, 0.9329])