best testtensor(0.8315)    local intensor(50)epoch
Best val<built-in method max of Tensor object at 0x7f6b1c8a5048>    local intensor(47)  corresponding test acctensor(0.8295)

val acc
tensor([0.8718, 0.9253, 0.9156, 0.9545, 0.9399, 0.9318, 0.9481, 0.9513, 0.9594,
        0.9481, 0.9399, 0.9448, 0.9497, 0.9399, 0.9497, 0.9513, 0.9318, 0.9318,
        0.9464, 0.9367, 0.9513, 0.9545, 0.9545, 0.9643, 0.9659, 0.9627, 0.9643,
        0.9675, 0.9643, 0.9627, 0.9692, 0.9692, 0.9643, 0.9692, 0.9659, 0.9692,
        0.9708, 0.9724, 0.9659, 0.9724, 0.9724, 0.9692, 0.9692, 0.9692, 0.9692,
        0.9708, 0.9740, 0.9724, 0.9724, 0.9740])
test acc
tensor([0.7104, 0.7384, 0.4383, 0.7842, 0.7880, 0.7328, 0.7684, 0.7768, 0.7195,
        0.7956, 0.7781, 0.7574, 0.8078, 0.7651, 0.7989, 0.7641, 0.7266, 0.6714,
        0.7572, 0.7633, 0.8111, 0.8073, 0.7921, 0.8142, 0.8157, 0.8139, 0.8195,
        0.8175, 0.8170, 0.8221, 0.8137, 0.8190, 0.8139, 0.8147, 0.8139, 0.8234,
        0.8264, 0.8251, 0.8188, 0.8223, 0.8218, 0.8218, 0.8218, 0.8267, 0.8216,
        0.8231, 0.8295, 0.8292, 0.8297, 0.8315])