best testtensor(0.7986)    local intensor(48)epoch
Best val<built-in method max of Tensor object at 0x7f44b6127048>    local intensor(30)  corresponding test acctensor(0.7816)

val acc
tensor([0.8970, 0.9073, 0.9163, 0.9382, 0.9369, 0.9305, 0.9408, 0.9369, 0.9421,
        0.9485, 0.9472, 0.9434, 0.9537, 0.9254, 0.9395, 0.9369, 0.9408, 0.9331,
        0.9344, 0.9575, 0.9408, 0.9459, 0.9524, 0.9601, 0.9588, 0.9601, 0.9627,
        0.9627, 0.9614, 0.9653, 0.9640, 0.9640, 0.9614, 0.9614, 0.9653, 0.9627,
        0.9640, 0.9640, 0.9627, 0.9627, 0.9627, 0.9653, 0.9653, 0.9640, 0.9653,
        0.9653, 0.9653, 0.9653, 0.9653, 0.9653])
test acc
tensor([0.7103, 0.7427, 0.7722, 0.7594, 0.7470, 0.7867, 0.7521, 0.7491, 0.7688,
        0.7811, 0.7509, 0.7577, 0.7807, 0.7683, 0.7914, 0.7637, 0.7718, 0.7905,
        0.7449, 0.7594, 0.7982, 0.7581, 0.7410, 0.7624, 0.7773, 0.7820, 0.7777,
        0.7935, 0.7897, 0.7816, 0.7846, 0.7803, 0.7850, 0.7786, 0.7850, 0.7841,
        0.7871, 0.7820, 0.7935, 0.7888, 0.7875, 0.7888, 0.7858, 0.7888, 0.7961,
        0.7867, 0.7910, 0.7986, 0.7965, 0.7854])