best testtensor(0.8354)    local intensor(33)epoch
Best val<built-in method max of Tensor object at 0x7ff80d032048>    local intensor(35)  corresponding test acctensor(0.8188)

val acc
tensor([0.8995, 0.9417, 0.9429, 0.9442, 0.9355, 0.9218, 0.9404, 0.9442, 0.9504,
        0.9541, 0.9541, 0.9553, 0.9479, 0.9516, 0.9516, 0.9404, 0.9479, 0.9516,
        0.9553, 0.9553, 0.9516, 0.9578, 0.9553, 0.9566, 0.9578, 0.9591, 0.9640,
        0.9640, 0.9677, 0.9640, 0.9640, 0.9665, 0.9665, 0.9665, 0.9715, 0.9665,
        0.9640, 0.9665, 0.9653, 0.9653, 0.9653, 0.9677, 0.9640, 0.9653, 0.9640,
        0.9665, 0.9628, 0.9628, 0.9640, 0.9640])
test acc
tensor([0.7534, 0.7725, 0.7764, 0.6836, 0.7866, 0.7524, 0.7490, 0.7651, 0.8013,
        0.7612, 0.7832, 0.7891, 0.8115, 0.7710, 0.7300, 0.7812, 0.7954, 0.7944,
        0.7676, 0.8262, 0.7822, 0.7759, 0.7739, 0.8105, 0.8184, 0.8179, 0.8237,
        0.8306, 0.8223, 0.8262, 0.8311, 0.8330, 0.8354, 0.8271, 0.8188, 0.8228,
        0.8218, 0.8193, 0.8311, 0.8252, 0.8188, 0.8252, 0.8335, 0.8247, 0.8271,
        0.8320, 0.8267, 0.8252, 0.8228, 0.8291])