best testtensor(0.8089)    local intensor(28)epoch
Best val<built-in method max of Tensor object at 0x7f9449bc6048>    local intensor(35)  corresponding test acctensor(0.7939)

val acc
tensor([0.9060, 0.8996, 0.9254, 0.9241, 0.9125, 0.9189, 0.9292, 0.9279, 0.8996,
        0.9228, 0.9395, 0.9408, 0.9344, 0.9408, 0.9331, 0.9485, 0.9421, 0.9434,
        0.9395, 0.9408, 0.9421, 0.9434, 0.9344, 0.9395, 0.9408, 0.9459, 0.9369,
        0.9344, 0.9498, 0.9408, 0.9421, 0.9472, 0.9511, 0.9472, 0.9537, 0.9447,
        0.9537, 0.9472, 0.9498, 0.9485])
test acc
tensor([0.6975, 0.7654, 0.7304, 0.7479, 0.7022, 0.6907, 0.7752, 0.7534, 0.7683,
        0.7922, 0.7863, 0.7427, 0.7607, 0.7696, 0.7709, 0.7760, 0.7995, 0.7752,
        0.7816, 0.7666, 0.7914, 0.7918, 0.7683, 0.7445, 0.7722, 0.7935, 0.7688,
        0.8089, 0.7816, 0.7760, 0.7939, 0.7939, 0.7961, 0.7974, 0.7939, 0.7952,
        0.7910, 0.7914, 0.7935, 0.7944])