best testtensor(0.8386)    local intensor(20)epoch
Best val<built-in method max of Tensor object at 0x7f6df770f098>    local intensor(28)  corresponding test acctensor(0.8114)

val acc
tensor([0.8799, 0.9010, 0.8929, 0.9432, 0.9286, 0.9367, 0.9448, 0.9497, 0.9529,
        0.9367, 0.9545, 0.9367, 0.9529, 0.9497, 0.9399, 0.9545, 0.9464, 0.9432,
        0.9432, 0.9497, 0.9448, 0.9497, 0.9464, 0.9497, 0.9529, 0.9529, 0.9545,
        0.9594, 0.9562, 0.9578])
test acc
tensor([0.7562, 0.7157, 0.7083, 0.7417, 0.7643, 0.8114, 0.7646, 0.7778, 0.8073,
        0.8038, 0.7531, 0.7562, 0.8134, 0.7740, 0.7938, 0.8134, 0.8315, 0.8096,
        0.7819, 0.8386, 0.8381, 0.7943, 0.7834, 0.7959, 0.8017, 0.8150, 0.8127,
        0.8114, 0.8249, 0.8178])