best testtensor(0.8430)    local intensor(16)epoch
Best val<built-in method max of Tensor object at 0x7f7ca99b0098>    local intensor(18)  corresponding test acctensor(0.7916)

val acc
tensor([0.8669, 0.9026, 0.9253, 0.9383, 0.9334, 0.9416, 0.9481, 0.9351, 0.9464,
        0.9464, 0.9497, 0.9448, 0.9416, 0.9545, 0.9367, 0.9464, 0.9448, 0.9562,
        0.9448, 0.9481, 0.9383, 0.9383, 0.9448, 0.9464, 0.9448, 0.9529, 0.9545,
        0.9545, 0.9545, 0.9513])
test acc
tensor([0.5981, 0.7124, 0.7620, 0.7114, 0.7025, 0.8203, 0.8150, 0.7027, 0.7918,
        0.7636, 0.7893, 0.7534, 0.7559, 0.8127, 0.8127, 0.8430, 0.7903, 0.7916,
        0.8162, 0.7913, 0.7916, 0.7849, 0.7633, 0.7885, 0.7936, 0.7954, 0.7966,
        0.8043, 0.8025, 0.8020])