best testtensor(0.9401)    local intensor(30)epoch
Best val<built-in method max of Tensor object at 0x7fc3489a1098>    local intensor(26)  corresponding test acctensor(0.9311)

val acc
tensor([0.8505, 0.8968, 0.9265, 0.9253, 0.9407, 0.9300, 0.9217, 0.9383, 0.9324,
        0.9312, 0.9288, 0.9312, 0.9324, 0.9276, 0.9466, 0.9490, 0.9312, 0.9193,
        0.9395, 0.9312, 0.9300, 0.9348, 0.9407, 0.9419, 0.9466, 0.9514, 0.9466,
        0.9466, 0.9514, 0.9514])
test acc
tensor([0.8725, 0.9072, 0.9216, 0.9102, 0.9180, 0.9287, 0.9311, 0.9162, 0.9246,
        0.9198, 0.9317, 0.9246, 0.9018, 0.9168, 0.9257, 0.9305, 0.9210, 0.9341,
        0.9257, 0.9269, 0.9269, 0.9335, 0.9246, 0.9275, 0.9323, 0.9311, 0.9371,
        0.9335, 0.9383, 0.9401])