best testtensor(0.8153)    local intensor(7)epoch
Best val<built-in method max of Tensor object at 0x7fcade508098>    local intensor(27)  corresponding test acctensor(0.7833)

val acc
tensor([0.8970, 0.8970, 0.9112, 0.9344, 0.9292, 0.9331, 0.9331, 0.9331, 0.9305,
        0.9331, 0.9434, 0.9434, 0.9254, 0.9511, 0.9434, 0.9447, 0.9356, 0.9421,
        0.9485, 0.9421, 0.9369, 0.9382, 0.9421, 0.9524, 0.9485, 0.9524, 0.9537,
        0.9447, 0.9485, 0.9524])
test acc
tensor([0.7398, 0.7551, 0.7828, 0.7619, 0.7491, 0.7709, 0.8153, 0.7479, 0.7730,
        0.7726, 0.7244, 0.7538, 0.7615, 0.7922, 0.7858, 0.7581, 0.8084, 0.7965,
        0.7666, 0.7739, 0.7483, 0.7974, 0.7295, 0.7765, 0.7892, 0.7850, 0.7833,
        0.7854, 0.7828, 0.7824])