best testtensor(0.8184)    local intensor(30)epoch
Best val<built-in method max of Tensor object at 0x7fefbc187048>    local intensor(30)  corresponding test acctensor(0.8184)

val acc
tensor([0.9057, 0.9268, 0.9119, 0.9069, 0.9553, 0.9392, 0.9529, 0.9429, 0.9578,
        0.9504, 0.9516, 0.9566, 0.9467, 0.9429, 0.9553, 0.9467, 0.9417, 0.9578,
        0.9516, 0.9603, 0.9541, 0.9516, 0.9566, 0.9615, 0.9603, 0.9640, 0.9640,
        0.9640, 0.9628, 0.9665])
test acc
tensor([0.7520, 0.7202, 0.7480, 0.6816, 0.7441, 0.8066, 0.7715, 0.7529, 0.7759,
        0.7456, 0.7676, 0.8164, 0.7310, 0.7383, 0.7603, 0.7852, 0.7671, 0.7744,
        0.7812, 0.7827, 0.8008, 0.7900, 0.7441, 0.7739, 0.7905, 0.8013, 0.8052,
        0.8120, 0.8052, 0.8184])