best testtensor(0.8358)    local intensor(28)epoch
Best val<built-in method max of Tensor object at 0x7f8a178fd098>    local intensor(27)  corresponding test acctensor(0.8254)

val acc
tensor([0.9107, 0.9269, 0.9334, 0.9318, 0.8994, 0.9497, 0.9416, 0.9399, 0.9448,
        0.9481, 0.9237, 0.9464, 0.9383, 0.9383, 0.9513, 0.9481, 0.9448, 0.9497,
        0.9334, 0.9594, 0.9416, 0.9497, 0.9562, 0.9562, 0.9594, 0.9594, 0.9627,
        0.9610, 0.9610, 0.9627])
test acc
tensor([0.7020, 0.7277, 0.7582, 0.6661, 0.7867, 0.7272, 0.7684, 0.7791, 0.7844,
        0.7503, 0.7633, 0.8076, 0.8005, 0.8223, 0.7890, 0.7814, 0.8226, 0.7648,
        0.7971, 0.8147, 0.7971, 0.7819, 0.7966, 0.8305, 0.8251, 0.8234, 0.8254,
        0.8358, 0.8295, 0.8279])