best testtensor(0.8198)    local intensor(28)epoch
Best val<built-in method max of Tensor object at 0x7f5496f88098>    local intensor(25)  corresponding test acctensor(0.8096)

val acc
tensor([0.9020, 0.9094, 0.9454, 0.9169, 0.9367, 0.9516, 0.9280, 0.9491, 0.9404,
        0.9293, 0.9479, 0.9429, 0.9491, 0.9454, 0.9516, 0.9566, 0.9529, 0.9454,
        0.9553, 0.9516, 0.9541, 0.9578, 0.9603, 0.9603, 0.9640, 0.9628, 0.9640,
        0.9640, 0.9603, 0.9628])
test acc
tensor([0.7461, 0.6304, 0.7554, 0.7334, 0.7402, 0.7773, 0.7593, 0.7866, 0.7817,
        0.7671, 0.7637, 0.7847, 0.7368, 0.8047, 0.7842, 0.7930, 0.8008, 0.7158,
        0.7930, 0.7666, 0.8066, 0.7974, 0.7656, 0.8027, 0.8096, 0.8149, 0.8149,
        0.8198, 0.8145, 0.8184])