best testtensor(0.9401)    local intensor(28)epoch
Best val<built-in method max of Tensor object at 0x7f703f092098>    local intensor(27)  corresponding test acctensor(0.9347)

val acc
tensor([0.8529, 0.8992, 0.9098, 0.9265, 0.9336, 0.9193, 0.9253, 0.9181, 0.9087,
        0.9146, 0.9395, 0.9288, 0.9348, 0.9300, 0.9348, 0.9229, 0.9324, 0.9431,
        0.9336, 0.9312, 0.9359, 0.9419, 0.9312, 0.9383, 0.9395, 0.9478, 0.9490,
        0.9431, 0.9490, 0.9478])
test acc
tensor([0.9090, 0.9311, 0.9168, 0.9090, 0.9216, 0.9144, 0.9210, 0.9138, 0.9114,
        0.8832, 0.9234, 0.9138, 0.9132, 0.9054, 0.9198, 0.9138, 0.9144, 0.9138,
        0.9144, 0.9275, 0.9180, 0.9222, 0.9287, 0.9311, 0.9341, 0.9323, 0.9347,
        0.9401, 0.9347, 0.9365])