best testtensor(0.7910)    local intensor(21)epoch
Best val<built-in method max of Tensor object at 0x7fbc6ce5de58>    local intensor(14)  corresponding test acctensor(0.7760)

val acc
tensor([0.9176, 0.9073, 0.9189, 0.9292, 0.9356, 0.9408, 0.9421, 0.9511, 0.9215,
        0.9395, 0.9382, 0.9292, 0.9408, 0.9601, 0.9356, 0.9524, 0.9434, 0.9356,
        0.9434, 0.9395, 0.9447, 0.9434, 0.9408, 0.9511, 0.9537, 0.9524, 0.9459,
        0.9498, 0.9550, 0.9524])
test acc
tensor([0.6967, 0.7423, 0.7436, 0.7308, 0.7167, 0.7282, 0.7696, 0.7645, 0.6954,
        0.7820, 0.7248, 0.7756, 0.7713, 0.7760, 0.7445, 0.7564, 0.7671, 0.7752,
        0.7632, 0.7666, 0.7910, 0.7773, 0.7722, 0.7867, 0.7816, 0.7743, 0.7854,
        0.7905, 0.7884, 0.7910])