best testtensor(0.9587)    local intensor(48)epoch
Best val<built-in method max of Tensor object at 0x7fde135e0e58>    local intensor(47)  corresponding test acctensor(0.9569)

val acc
tensor([0.4081, 0.5813, 0.6679, 0.7248, 0.7604, 0.7948, 0.8185, 0.8244, 0.8387,
        0.8470, 0.8517, 0.8636, 0.8683, 0.8671, 0.8778, 0.8778, 0.8849, 0.8861,
        0.8849, 0.8885, 0.8897, 0.8992, 0.9015, 0.8980, 0.9051, 0.9134, 0.9134,
        0.9134, 0.9193, 0.9170, 0.9205, 0.9181, 0.9181, 0.9193, 0.9241, 0.9241,
        0.9217, 0.9205, 0.9265, 0.9265, 0.9253, 0.9265, 0.9276, 0.9300, 0.9276,
        0.9288, 0.9312, 0.9288, 0.9312, 0.9265])
test acc
tensor([0.3838, 0.5940, 0.7461, 0.8180, 0.8287, 0.8671, 0.8850, 0.8916, 0.9060,
        0.9108, 0.9138, 0.9186, 0.9275, 0.9257, 0.9317, 0.9293, 0.9323, 0.9323,
        0.9341, 0.9383, 0.9395, 0.9449, 0.9407, 0.9383, 0.9461, 0.9455, 0.9443,
        0.9479, 0.9473, 0.9479, 0.9491, 0.9509, 0.9491, 0.9503, 0.9527, 0.9539,
        0.9539, 0.9497, 0.9515, 0.9509, 0.9521, 0.9533, 0.9563, 0.9545, 0.9533,
        0.9545, 0.9569, 0.9587, 0.9557, 0.9551])