best testtensor(0.8057)    local intensor(49)epoch
Best val<built-in method max of Tensor object at 0x7fd6d14fbe58>    local intensor(43)  corresponding test acctensor(0.7998)

val acc
tensor([0.4926, 0.6712, 0.7593, 0.7965, 0.8139, 0.8437, 0.8486, 0.8598, 0.8734,
        0.8759, 0.8896, 0.8933, 0.8933, 0.9007, 0.8958, 0.9069, 0.9045, 0.9094,
        0.9144, 0.9144, 0.9206, 0.9181, 0.9243, 0.9218, 0.9243, 0.9280, 0.9268,
        0.9318, 0.9330, 0.9318, 0.9330, 0.9330, 0.9355, 0.9318, 0.9380, 0.9355,
        0.9367, 0.9380, 0.9367, 0.9355, 0.9367, 0.9342, 0.9392, 0.9355, 0.9380,
        0.9367, 0.9355, 0.9367, 0.9367, 0.9367])
test acc
tensor([0.2520, 0.3735, 0.4395, 0.4971, 0.5352, 0.5557, 0.5996, 0.6270, 0.6279,
        0.6504, 0.6836, 0.6895, 0.7007, 0.7065, 0.7158, 0.7373, 0.7378, 0.7246,
        0.7490, 0.7461, 0.7563, 0.7622, 0.7686, 0.7632, 0.7700, 0.7749, 0.7705,
        0.7773, 0.7876, 0.7769, 0.7817, 0.7710, 0.7788, 0.7754, 0.7832, 0.7812,
        0.7896, 0.7944, 0.7920, 0.7861, 0.7959, 0.7954, 0.7998, 0.7959, 0.7891,
        0.7808, 0.7988, 0.8022, 0.8057, 0.7988])