best testtensor(0.7615)    local intensor(47)epoch
Best val<built-in method max of Tensor object at 0x7f559355de58>    local intensor(39)  corresponding test acctensor(0.7568)

val acc
tensor([0.4633, 0.6602, 0.7220, 0.7465, 0.7876, 0.8211, 0.8417, 0.8546, 0.8559,
        0.8687, 0.8777, 0.8829, 0.8880, 0.8932, 0.8893, 0.8919, 0.8945, 0.8983,
        0.8996, 0.9151, 0.9138, 0.9151, 0.9112, 0.9151, 0.9189, 0.9215, 0.9241,
        0.9241, 0.9266, 0.9254, 0.9292, 0.9279, 0.9266, 0.9331, 0.9292, 0.9356,
        0.9279, 0.9305, 0.9382, 0.9266, 0.9331, 0.9305, 0.9344, 0.9344, 0.9344,
        0.9382, 0.9369, 0.9331, 0.9369, 0.9344])
test acc
tensor([0.3033, 0.4211, 0.4953, 0.5141, 0.5712, 0.5892, 0.6084, 0.6284, 0.6557,
        0.6741, 0.6775, 0.6958, 0.6945, 0.7035, 0.7039, 0.7078, 0.7125, 0.7099,
        0.7248, 0.7172, 0.7227, 0.7253, 0.7355, 0.7372, 0.7355, 0.7359, 0.7419,
        0.7372, 0.7372, 0.7445, 0.7402, 0.7440, 0.7487, 0.7466, 0.7534, 0.7530,
        0.7543, 0.7543, 0.7568, 0.7500, 0.7470, 0.7607, 0.7509, 0.7573, 0.7590,
        0.7564, 0.7615, 0.7594, 0.7581, 0.7602])