best testtensor(0.6714)    local intensor(49)epoch
Best val<built-in method max of Tensor object at 0x7fca5d533098>    local intensor(46)  corresponding test acctensor(0.6640)

val acc
tensor([0.4205, 0.6510, 0.7419, 0.7890, 0.8133, 0.8360, 0.8539, 0.8669, 0.8685,
        0.8782, 0.8864, 0.8864, 0.8912, 0.8961, 0.9042, 0.9042, 0.9172, 0.9091,
        0.9107, 0.9123, 0.9172, 0.9188, 0.9237, 0.9237, 0.9237, 0.9286, 0.9302,
        0.9269, 0.9286, 0.9253, 0.9302, 0.9334, 0.9286, 0.9334, 0.9351, 0.9351,
        0.9318, 0.9383, 0.9367, 0.9399, 0.9416, 0.9367, 0.9367, 0.9416, 0.9399,
        0.9464, 0.9399, 0.9416, 0.9399, 0.9448])
test acc
tensor([0.2151, 0.2650, 0.3237, 0.3599, 0.3917, 0.4296, 0.4261, 0.4536, 0.4734,
        0.4754, 0.4999, 0.4958, 0.5103, 0.5403, 0.5442, 0.5625, 0.5755, 0.5622,
        0.5622, 0.5879, 0.6002, 0.5849, 0.6012, 0.6080, 0.6088, 0.6091, 0.6078,
        0.6154, 0.6253, 0.6317, 0.6218, 0.6266, 0.6411, 0.6154, 0.6411, 0.6485,
        0.6411, 0.6411, 0.6495, 0.6645, 0.6528, 0.6470, 0.6154, 0.6643, 0.6556,
        0.6640, 0.6640, 0.6620, 0.6714, 0.6483])