best testtensor(0.9569)    local intensor(40)epoch
Best val<built-in method max of Tensor object at 0x7fae4ffa0048>    local intensor(48)  corresponding test acctensor(0.9509)

val acc
tensor([0.8102, 0.8624, 0.8837, 0.9110, 0.9170, 0.9170, 0.9265, 0.9300, 0.9324,
        0.9359, 0.9371, 0.9383, 0.9383, 0.9383, 0.9371, 0.9407, 0.9383, 0.9395,
        0.9407, 0.9431, 0.9371, 0.9407, 0.9407, 0.9359, 0.9395, 0.9407, 0.9407,
        0.9419, 0.9419, 0.9442, 0.9431, 0.9431, 0.9395, 0.9431, 0.9419, 0.9442,
        0.9431, 0.9407, 0.9442, 0.9407, 0.9431, 0.9442, 0.9419, 0.9431, 0.9442,
        0.9383, 0.9407, 0.9466, 0.9419, 0.9407])
test acc
tensor([0.8904, 0.9263, 0.9305, 0.9287, 0.9365, 0.9371, 0.9455, 0.9527, 0.9479,
        0.9491, 0.9551, 0.9527, 0.9539, 0.9503, 0.9539, 0.9539, 0.9551, 0.9545,
        0.9533, 0.9533, 0.9533, 0.9545, 0.9551, 0.9497, 0.9539, 0.9533, 0.9509,
        0.9539, 0.9557, 0.9557, 0.9527, 0.9521, 0.9533, 0.9527, 0.9503, 0.9521,
        0.9509, 0.9533, 0.9539, 0.9569, 0.9563, 0.9539, 0.9533, 0.9545, 0.9509,
        0.9521, 0.9569, 0.9509, 0.9527, 0.9539])