best testtensor(0.8330)    local intensor(9)epoch
Best val<built-in method max of Tensor object at 0x7f6a3aaec048>    local intensor(49)  corresponding test acctensor(0.8262)

val acc
tensor([0.8325, 0.8970, 0.9231, 0.9132, 0.9330, 0.9342, 0.9342, 0.9479, 0.9442,
        0.9380, 0.9417, 0.9392, 0.9429, 0.9467, 0.9454, 0.9429, 0.9467, 0.9454,
        0.9454, 0.9454, 0.9491, 0.9442, 0.9429, 0.9467, 0.9467, 0.9479, 0.9504,
        0.9467, 0.9454, 0.9467, 0.9442, 0.9479, 0.9467, 0.9454, 0.9479, 0.9454,
        0.9467, 0.9479, 0.9504, 0.9479, 0.9504, 0.9491, 0.9454, 0.9479, 0.9454,
        0.9504, 0.9467, 0.9479, 0.9516, 0.9516])
test acc
tensor([0.6187, 0.7480, 0.7686, 0.7622, 0.7979, 0.8018, 0.7974, 0.8110, 0.8330,
        0.8247, 0.8140, 0.8257, 0.8228, 0.8281, 0.8286, 0.8291, 0.8267, 0.8232,
        0.8320, 0.8257, 0.8271, 0.8311, 0.8184, 0.8281, 0.8257, 0.8281, 0.8198,
        0.8262, 0.8223, 0.8179, 0.8193, 0.8257, 0.8267, 0.8296, 0.8267, 0.8208,
        0.8262, 0.8281, 0.8232, 0.8203, 0.8276, 0.8203, 0.8169, 0.8120, 0.8252,
        0.8188, 0.8188, 0.8179, 0.8262, 0.8252])