best testtensor(0.7646)    local intensor(42)epoch
Best val<built-in method max of Tensor object at 0x7f3c4988b048>    local intensor(23)  corresponding test acctensor(0.7580)

val acc
tensor([0.8393, 0.8847, 0.9010, 0.9188, 0.9237, 0.9253, 0.9383, 0.9367, 0.9367,
        0.9399, 0.9416, 0.9448, 0.9464, 0.9448, 0.9497, 0.9481, 0.9464, 0.9497,
        0.9481, 0.9497, 0.9497, 0.9529, 0.9545, 0.9545, 0.9529, 0.9513, 0.9545,
        0.9513, 0.9529, 0.9513, 0.9529, 0.9529, 0.9529, 0.9529, 0.9529, 0.9513,
        0.9529, 0.9513, 0.9513, 0.9545, 0.9545, 0.9545, 0.9529, 0.9529, 0.9513,
        0.9529, 0.9529, 0.9529, 0.9529, 0.9545])
test acc
tensor([0.5095, 0.6098, 0.6966, 0.7434, 0.7147, 0.7210, 0.7409, 0.7325, 0.7389,
        0.7175, 0.7368, 0.7569, 0.7475, 0.7419, 0.7429, 0.7462, 0.7508, 0.7437,
        0.7462, 0.7498, 0.7412, 0.7445, 0.7580, 0.7452, 0.7478, 0.7465, 0.7564,
        0.7452, 0.7511, 0.7478, 0.7490, 0.7554, 0.7557, 0.7536, 0.7590, 0.7580,
        0.7511, 0.7546, 0.7567, 0.7582, 0.7554, 0.7646, 0.7592, 0.7569, 0.7567,
        0.7531, 0.7557, 0.7544, 0.7567, 0.7605])