best testtensor(0.7769)    local intensor(29)epoch
Best val<built-in method max of Tensor object at 0x7f33a71fb048>    local intensor(35)  corresponding test acctensor(0.7654)

val acc
tensor([0.8391, 0.8970, 0.9099, 0.9228, 0.9266, 0.9292, 0.9408, 0.9344, 0.9459,
        0.9472, 0.9498, 0.9459, 0.9459, 0.9472, 0.9485, 0.9498, 0.9485, 0.9498,
        0.9472, 0.9472, 0.9498, 0.9459, 0.9498, 0.9459, 0.9447, 0.9447, 0.9447,
        0.9434, 0.9472, 0.9524, 0.9459, 0.9472, 0.9459, 0.9524, 0.9537, 0.9472,
        0.9447, 0.9498, 0.9447, 0.9459, 0.9447, 0.9524, 0.9485, 0.9498, 0.9434,
        0.9485, 0.9511, 0.9459, 0.9472, 0.9498])
test acc
tensor([0.6054, 0.6903, 0.7099, 0.7206, 0.7470, 0.7628, 0.7607, 0.7487, 0.7624,
        0.7645, 0.7705, 0.7713, 0.7662, 0.7696, 0.7705, 0.7645, 0.7726, 0.7726,
        0.7747, 0.7666, 0.7649, 0.7662, 0.7756, 0.7726, 0.7735, 0.7679, 0.7743,
        0.7718, 0.7769, 0.7701, 0.7718, 0.7739, 0.7769, 0.7718, 0.7654, 0.7696,
        0.7688, 0.7688, 0.7722, 0.7671, 0.7632, 0.7735, 0.7730, 0.7679, 0.7739,
        0.7666, 0.7718, 0.7743, 0.7756, 0.7692])