best testtensor(0.9569)    local intensor(36)epoch
Best val<built-in method max of Tensor object at 0x7f05bd675048>    local intensor(48)  corresponding test acctensor(0.9569)

val acc
tensor([0.8019, 0.8660, 0.8980, 0.9110, 0.9158, 0.9217, 0.9324, 0.9276, 0.9300,
        0.9336, 0.9371, 0.9336, 0.9359, 0.9383, 0.9336, 0.9359, 0.9395, 0.9383,
        0.9371, 0.9371, 0.9348, 0.9407, 0.9359, 0.9371, 0.9371, 0.9359, 0.9371,
        0.9383, 0.9419, 0.9395, 0.9359, 0.9395, 0.9383, 0.9371, 0.9419, 0.9383,
        0.9383, 0.9383, 0.9395, 0.9395, 0.9419, 0.9442, 0.9371, 0.9419, 0.9395,
        0.9383, 0.9419, 0.9466, 0.9395, 0.9407])
test acc
tensor([0.9078, 0.9198, 0.9353, 0.9395, 0.9377, 0.9323, 0.9473, 0.9437, 0.9485,
        0.9497, 0.9503, 0.9485, 0.9491, 0.9503, 0.9527, 0.9479, 0.9533, 0.9551,
        0.9557, 0.9527, 0.9539, 0.9533, 0.9557, 0.9533, 0.9539, 0.9503, 0.9557,
        0.9545, 0.9533, 0.9557, 0.9521, 0.9557, 0.9551, 0.9551, 0.9533, 0.9569,
        0.9539, 0.9563, 0.9563, 0.9563, 0.9569, 0.9557, 0.9539, 0.9545, 0.9533,
        0.9551, 0.9569, 0.9569, 0.9569, 0.9563])