best testtensor(0.9287)    local intensor(8)epoch
Best val<built-in method max of Tensor object at 0x7f93f448f048>    local intensor(28)  corresponding test acctensor(0.9222)

val acc
tensor([0.8256, 0.8944, 0.8956, 0.8624, 0.9015, 0.8992, 0.9110, 0.9395, 0.9205,
        0.9217, 0.9241, 0.9241, 0.9110, 0.9324, 0.9158, 0.9205, 0.9336, 0.9336,
        0.9300, 0.9288, 0.9051, 0.9193, 0.9288, 0.9431, 0.9454, 0.9478, 0.9466,
        0.9502, 0.9466, 0.9454])
test acc
tensor([0.8623, 0.8862, 0.9132, 0.9072, 0.9240, 0.8958, 0.8886, 0.9287, 0.8898,
        0.9222, 0.9018, 0.9102, 0.9234, 0.8982, 0.8874, 0.8952, 0.8814, 0.8880,
        0.9084, 0.9084, 0.9066, 0.8862, 0.9000, 0.9192, 0.9198, 0.9204, 0.9198,
        0.9222, 0.9210, 0.9275])