best testtensor(0.7754)    local intensor(29)epoch
Best val<built-in method max of Tensor object at 0x7ff57a8a9ea8>    local intensor(26)  corresponding test acctensor(0.7710)

val acc
tensor([0.8883, 0.9107, 0.9206, 0.9169, 0.9231, 0.9404, 0.9355, 0.9318, 0.9218,
        0.9454, 0.9504, 0.9392, 0.9429, 0.9516, 0.9516, 0.9417, 0.9318, 0.9429,
        0.9181, 0.9516, 0.9392, 0.9392, 0.9516, 0.9566, 0.9541, 0.9578, 0.9467,
        0.9578, 0.9566, 0.9529])
test acc
tensor([0.7231, 0.6699, 0.7661, 0.7256, 0.7275, 0.6831, 0.7539, 0.7358, 0.6680,
        0.6919, 0.7529, 0.7163, 0.7524, 0.7173, 0.7334, 0.7549, 0.7544, 0.7031,
        0.6880, 0.7188, 0.7344, 0.7676, 0.7554, 0.7632, 0.7725, 0.7710, 0.7637,
        0.7710, 0.7754, 0.7720])