best testtensor(0.8073)    local intensor(14)epoch
Best val<built-in method max of Tensor object at 0x7fdf80d48ea8>    local intensor(30)  corresponding test acctensor(0.7854)

val acc
tensor([0.8880, 0.9302, 0.9302, 0.9172, 0.9318, 0.9318, 0.9221, 0.9432, 0.9302,
        0.9075, 0.9318, 0.9399, 0.9432, 0.9318, 0.9253, 0.9334, 0.9269, 0.9253,
        0.9448, 0.9416, 0.9253, 0.9464, 0.9302, 0.9481, 0.9513, 0.9497, 0.9513,
        0.9545, 0.9545, 0.9578])
test acc
tensor([0.4884, 0.6826, 0.6187, 0.7854, 0.7753, 0.8030, 0.7493, 0.7913, 0.7485,
        0.7791, 0.7959, 0.7839, 0.7737, 0.8073, 0.7424, 0.7317, 0.6999, 0.7732,
        0.7910, 0.7686, 0.7493, 0.7493, 0.7587, 0.7814, 0.7908, 0.7903, 0.7959,
        0.7936, 0.7903, 0.7854])