best testtensor(0.8208)    local intensor(77)epoch
Best val<built-in method max of Tensor object at 0x7f663dc13048>    local intensor(28)  corresponding test acctensor(0.8071)

val acc
tensor([0.9330, 0.9181, 0.9355, 0.9615, 0.9206, 0.9404, 0.9417, 0.9553, 0.9591,
        0.9467, 0.9280, 0.9541, 0.9429, 0.9529, 0.9653, 0.9529, 0.9529, 0.9442,
        0.9392, 0.9392, 0.9529, 0.9491, 0.9628, 0.9653, 0.9665, 0.9665, 0.9690,
        0.9715, 0.9677, 0.9665, 0.9628, 0.9665, 0.9628, 0.9653, 0.9665, 0.9653,
        0.9690, 0.9653, 0.9677, 0.9665, 0.9665, 0.9702, 0.9677, 0.9653, 0.9690,
        0.9702, 0.9653, 0.9665, 0.9677, 0.9665, 0.9665, 0.9677, 0.9677, 0.9665,
        0.9702, 0.9665, 0.9677, 0.9677, 0.9677, 0.9677, 0.9665, 0.9702, 0.9665,
        0.9677, 0.9690, 0.9665, 0.9677, 0.9702, 0.9677, 0.9665, 0.9653, 0.9665,
        0.9702, 0.9677, 0.9653, 0.9677, 0.9653, 0.9690, 0.9690, 0.9640])
test acc
tensor([0.7505, 0.7754, 0.7109, 0.7925, 0.6895, 0.7905, 0.7822, 0.7651, 0.7734,
        0.8091, 0.8062, 0.7520, 0.8198, 0.7773, 0.7793, 0.7837, 0.7656, 0.7441,
        0.7559, 0.7646, 0.8027, 0.7827, 0.7788, 0.7988, 0.8003, 0.8057, 0.8066,
        0.8071, 0.8149, 0.8140, 0.8076, 0.8140, 0.8145, 0.8120, 0.8198, 0.8115,
        0.8159, 0.8135, 0.8149, 0.8169, 0.8096, 0.8159, 0.8184, 0.8096, 0.8149,
        0.8140, 0.8096, 0.8184, 0.8081, 0.8140, 0.8135, 0.8135, 0.8164, 0.8149,
        0.8174, 0.8135, 0.8135, 0.8135, 0.8169, 0.8169, 0.8154, 0.8203, 0.8149,
        0.8145, 0.8164, 0.8164, 0.8179, 0.8193, 0.8174, 0.8159, 0.8159, 0.8188,
        0.8198, 0.8140, 0.8125, 0.8169, 0.8208, 0.8125, 0.8130, 0.8145])