best testtensor(0.9389)    local intensor(8)epoch
Best val<built-in method max of Tensor object at 0x7fabc6a6d048>    local intensor(32)  corresponding test acctensor(0.9281)

val acc
tensor([0.8588, 0.8968, 0.8980, 0.8980, 0.9300, 0.9146, 0.9383, 0.9514, 0.9371,
        0.9371, 0.9359, 0.9395, 0.9395, 0.9478, 0.9348, 0.9359, 0.9348, 0.9442,
        0.9336, 0.9336, 0.9383, 0.9359, 0.9359, 0.9478, 0.9478, 0.9478, 0.9490,
        0.9502, 0.9514, 0.9490, 0.9490, 0.9561, 0.9514, 0.9514, 0.9526, 0.9537,
        0.9526, 0.9514, 0.9526, 0.9526, 0.9526, 0.9514, 0.9502, 0.9526, 0.9526,
        0.9490, 0.9526, 0.9502, 0.9537, 0.9537, 0.9514, 0.9526, 0.9526, 0.9526,
        0.9514, 0.9514, 0.9537, 0.9537, 0.9537, 0.9526, 0.9526, 0.9549, 0.9526,
        0.9514, 0.9526, 0.9514, 0.9561, 0.9526, 0.9537, 0.9526, 0.9537, 0.9537,
        0.9526, 0.9514, 0.9526, 0.9514, 0.9526, 0.9526, 0.9537, 0.9537])
test acc
tensor([0.9204, 0.9228, 0.9269, 0.9263, 0.9114, 0.9305, 0.9335, 0.9389, 0.9186,
        0.9240, 0.9096, 0.9210, 0.9228, 0.9168, 0.9024, 0.9251, 0.9216, 0.9234,
        0.9048, 0.9257, 0.9234, 0.9228, 0.9216, 0.9263, 0.9263, 0.9311, 0.9287,
        0.9305, 0.9293, 0.9281, 0.9257, 0.9281, 0.9293, 0.9293, 0.9275, 0.9275,
        0.9246, 0.9281, 0.9287, 0.9281, 0.9287, 0.9293, 0.9281, 0.9293, 0.9281,
        0.9341, 0.9305, 0.9287, 0.9281, 0.9311, 0.9281, 0.9275, 0.9281, 0.9287,
        0.9281, 0.9287, 0.9323, 0.9299, 0.9269, 0.9299, 0.9305, 0.9281, 0.9293,
        0.9293, 0.9281, 0.9281, 0.9293, 0.9299, 0.9251, 0.9299, 0.9317, 0.9257,
        0.9299, 0.9275, 0.9275, 0.9263, 0.9305, 0.9299, 0.9269, 0.9311])