best testtensor(0.8167)    local intensor(30)epoch
Best val<built-in method max of Tensor object at 0x7f040b540048>    local intensor(71)  corresponding test acctensor(0.8073)

val acc
tensor([0.8685, 0.8961, 0.9334, 0.9188, 0.9383, 0.9513, 0.9513, 0.9399, 0.9562,
        0.9578, 0.9481, 0.9432, 0.9464, 0.9562, 0.9383, 0.9497, 0.9464, 0.9399,
        0.9529, 0.9399, 0.9529, 0.9399, 0.9448, 0.9545, 0.9594, 0.9578, 0.9562,
        0.9545, 0.9578, 0.9578, 0.9610, 0.9578, 0.9610, 0.9578, 0.9594, 0.9594,
        0.9594, 0.9610, 0.9594, 0.9578, 0.9594, 0.9610, 0.9594, 0.9610, 0.9594,
        0.9594, 0.9594, 0.9594, 0.9578, 0.9578, 0.9578, 0.9610, 0.9610, 0.9594,
        0.9594, 0.9610, 0.9594, 0.9594, 0.9594, 0.9610, 0.9610, 0.9578, 0.9610,
        0.9594, 0.9594, 0.9610, 0.9562, 0.9562, 0.9594, 0.9578, 0.9627, 0.9610,
        0.9610, 0.9594, 0.9627, 0.9610, 0.9594, 0.9627, 0.9610, 0.9594])
test acc
tensor([0.6722, 0.7231, 0.7524, 0.7305, 0.7524, 0.7195, 0.7457, 0.7580, 0.7875,
        0.7684, 0.7778, 0.7694, 0.7661, 0.7704, 0.8045, 0.7177, 0.8061, 0.8005,
        0.7860, 0.7773, 0.7470, 0.7857, 0.7824, 0.8071, 0.8068, 0.8058, 0.8073,
        0.8012, 0.8063, 0.8167, 0.8025, 0.8045, 0.8081, 0.8055, 0.8119, 0.8167,
        0.8066, 0.8106, 0.8142, 0.8081, 0.8089, 0.8099, 0.8053, 0.8063, 0.8027,
        0.8083, 0.8053, 0.8117, 0.8147, 0.8083, 0.8066, 0.8076, 0.8089, 0.8134,
        0.8071, 0.8127, 0.8106, 0.8099, 0.8127, 0.8076, 0.8106, 0.8061, 0.8101,
        0.8114, 0.8142, 0.8081, 0.8091, 0.8096, 0.8142, 0.8147, 0.8073, 0.8081,
        0.8089, 0.8089, 0.8086, 0.8132, 0.8081, 0.8086, 0.8086, 0.8099])