best testtensor(0.8093)    local intensor(18)epoch
Best val<built-in method max of Tensor object at 0x7f0d6ca95048>    local intensor(10)  corresponding test acctensor(0.7585)

val acc
tensor([0.9151, 0.9125, 0.9447, 0.9292, 0.9305, 0.9356, 0.9408, 0.9331, 0.9331,
        0.9588, 0.9447, 0.9588, 0.9421, 0.9498, 0.9382, 0.9382, 0.9382, 0.9395,
        0.9408, 0.9459, 0.9356, 0.9254, 0.9395, 0.9447, 0.9459, 0.9511, 0.9498,
        0.9459, 0.9550, 0.9498, 0.9511, 0.9498, 0.9434, 0.9511, 0.9459, 0.9485,
        0.9459, 0.9459, 0.9498, 0.9485, 0.9485, 0.9472, 0.9459, 0.9472, 0.9472,
        0.9511, 0.9472, 0.9472, 0.9472, 0.9485, 0.9459, 0.9498, 0.9472, 0.9472,
        0.9485, 0.9472, 0.9511, 0.9447, 0.9459, 0.9498, 0.9472, 0.9459, 0.9485,
        0.9459, 0.9485, 0.9511, 0.9459, 0.9485, 0.9498, 0.9511, 0.9472, 0.9459,
        0.9459, 0.9485, 0.9498, 0.9459, 0.9459, 0.9459, 0.9472, 0.9472])
test acc
tensor([0.7086, 0.7065, 0.7346, 0.7351, 0.7116, 0.7317, 0.7747, 0.7875, 0.7120,
        0.7585, 0.7585, 0.7483, 0.7061, 0.7645, 0.7253, 0.7423, 0.7722, 0.8093,
        0.7675, 0.7351, 0.7918, 0.6975, 0.7317, 0.7709, 0.7688, 0.7782, 0.7777,
        0.7777, 0.7739, 0.7811, 0.7679, 0.7713, 0.7743, 0.7782, 0.7752, 0.7730,
        0.7752, 0.7701, 0.7701, 0.7786, 0.7871, 0.7760, 0.7730, 0.7765, 0.7756,
        0.7782, 0.7752, 0.7752, 0.7888, 0.7756, 0.7777, 0.7705, 0.7807, 0.7782,
        0.7730, 0.7705, 0.7722, 0.7828, 0.7747, 0.7773, 0.7739, 0.7747, 0.7820,
        0.7692, 0.7752, 0.7696, 0.7786, 0.7743, 0.7730, 0.7803, 0.7752, 0.7786,
        0.7752, 0.7841, 0.7833, 0.7752, 0.7722, 0.7803, 0.7914, 0.7726])